x <- 1+1
x <- 5+6
y<- 1+5
