x <- 1+1
x <- 5+6
y<- 1+5
z<- 5+6
bon <- 5+1
hk <- 2+3
